9999 73 59 83 9999 9999 9999 9999 54 54 9999 9999
73 9999 59 9999 9999 9999 9999 85 22 9999 9999 9999
59 59 9999 52 9999 63 9999 60 9999 9999 9999 9999
83 9999 52 9999 46 49 9999 9999 9999 30 9999 9999
9999 9999 9999 46 9999 88 21 9999 9999 97 9999 9999
9999 9999 63 49 88 9999 7 83 9999 9999 88 3
9999 9999 9999 9999 21 7 9999 9999 9999 9999 52
9999 85 60 9999 9999 83 9999 9999 95 9999 9999 21
54 22 9999 9999 9999 9999 9999 95 9999 9999 9999 44
54 9999 9999 30 97 9999 9999 9999 9999 9999 9999 9999
9999 9999 9999 9999 9999 88 52 9999 9999 9999 9999 52
9999 9999 9999 9999 9999 3 9999 21 44 9999 52 9999
